#RPLIDAR SCAN DATA
#COUNT=270
#Angule	Distance	Quality
351.7603 2641.8 60
352.9193 2481.5 60
354.0894 2377.0 60
355.1715 2430.5 60
357.4512 808.8 60
358.6707 808.8 60
359.7803 817.0 60
0.7800 826.5 60
1.9336 840.3 60
2.9828 854.3 60
4.1364 865.5 60
5.2460 875.5 60
6.3885 893.5 60
7.4652 909.8 60
9.0582 682.5 60
10.2777 652.0 60
11.4203 634.3 60
12.5574 617.8 60
13.9362 607.0 60
14.9634 591.0 60
16.1389 581.3 60
18.4021 385.3 60
19.8413 352.8 60
21.3080 346.0 60
22.3572 342.3 60
24.1534 329.3 60
25.2631 316.8 60
26.6528 309.3 60
27.2955 307.3 60
28.6688 305.5 60
30.0146 299.0 60
31.3879 297.3 60
31.9043 298.8 60
33.6676 296.8 60
34.7772 292.5 60
35.4199 290.5 60
36.5900 285.8 60
38.5291 283.0 60
39.2157 281.8 60
40.5890 281.0 60
42.1216 280.0 60
43.0884 281.3 60
44.4012 282.3 60
45.0439 283.5 60
45.9668 283.5 60
47.4829 275.8 60
48.2300 282.0 60
49.1089 284.0 60
50.4657 284.3 60
52.2784 283.0 60
53.0914 275.3 60
56.3434 283.8 60
57.1674 286.8 60
58.6560 287.0 60
59.3427 288.3 60
60.3589 290.5 60
61.6058 292.8 60
62.4353 298.0 60
63.6383 298.8 60
64.9017 300.8 60
66.0608 306.5 60
68.5272 379.8 60
69.4061 375.5 60
70.6860 371.3 60
71.9989 367.5 60
73.0591 364.5 60
73.9655 360.0 60
75.1685 357.5 60
76.3110 355.5 60
77.6514 353.0 60
79.0302 349.5 60
80.2936 347.8 60
81.1835 345.8 60
82.4799 344.5 60
83.6719 343.0 60
84.7321 340.8 60
85.4956 339.0 60
87.2644 337.5 60
87.9016 337.0 60
89.1541 336.3 60
90.5438 335.8 60
91.2305 335.3 60
92.9333 335.5 60
94.1089 333.3 60
94.7955 332.5 60
95.9216 331.8 60
97.3553 330.8 60
98.2013 330.3 60
99.2615 328.3 60
100.7446 327.5 60
101.7004 329.0 60
102.7606 331.3 60
104.1833 335.3 60
105.1666 336.0 60
106.4191 338.5 60
109.1217 358.8 60
110.4840 356.5 52
111.4673 362.0 60
112.5934 361.5 60
113.5931 364.8 52
114.5764 366.3 56
116.0266 368.8 60
117.1362 370.5 56
118.0920 376.8 60
118.9490 381.3 60
120.1245 384.0 52
121.4044 387.3 60
122.2449 387.3 60
123.4479 397.8 60
124.4806 400.0 60
125.7166 404.5 60
126.4362 413.0 60
127.8864 418.5 60
128.6389 421.3 60
148.1671 160.5 60
173.2324 851.8 60
174.3420 865.0 60
175.4681 874.8 60
176.5283 891.8 60
177.6544 899.3 60
178.6981 912.3 60
179.8737 928.0 60
180.9503 947.8 60
181.9501 962.8 60
183.1201 984.0 60
184.2297 995.8 60
185.2625 1019.8 60
186.3721 1041.3 60
187.5146 1059.0 60
188.5583 1085.8 60
189.7174 1110.0 60
190.7172 1137.3 60
191.7334 1276.0 60
192.8101 1302.8 60
193.9801 1339.0 60
195.0897 1377.0 60
196.1554 1407.3 60
197.2650 1448.0 60
198.2922 1492.8 60
199.4019 1539.3 60
200.5280 1587.0 60
201.6541 1632.5 60
203.9502 1636.8 60
205.0763 1637.0 32
206.2463 1599.8 36
207.3560 1578.0 32
209.6521 1472.8 60
210.7782 1534.8 60
211.9043 1544.0 60
213.0139 1531.8 60
214.1675 1521.0 60
215.2771 1506.8 60
216.4362 1497.0 60
217.5897 1499.8 60
218.6829 1510.3 60
219.7925 1500.0 60
220.9351 1478.0 60
222.0776 1478.5 60
223.2477 1468.8 60
224.4012 1465.3 60
225.4669 1463.8 60
226.6370 1459.5 60
227.7631 1458.3 60
228.9056 1456.5 60
230.0427 1457.0 60
231.1359 1456.8 60
232.2620 1457.0 60
233.4210 1458.3 60
234.5746 1460.5 60
235.6512 1462.5 60
236.8268 1464.3 60
237.9529 1465.8 60
239.0295 1472.0 60
240.2161 1478.8 60
241.3092 1483.0 60
242.3859 1491.3 60
243.5779 1491.8 60
244.6545 1507.8 60
245.7806 1511.3 60
246.9342 1517.8 60
248.0273 1530.5 60
249.1534 1540.8 60
250.3125 1548.5 60
251.4056 1560.3 60
252.5757 1570.8 60
253.6853 1589.5 60
254.7949 1602.5 60
255.9650 1616.0 60
257.0746 1631.8 60
258.2172 1652.3 60
259.3103 1669.5 60
260.4199 1685.5 60
261.5625 1709.0 60
262.6666 1723.5 60
263.7927 1753.0 60
264.8749 1774.3 60
266.0284 1803.0 60
267.1381 1825.0 60
268.2806 1849.3 60
269.4012 1890.3 60
270.4999 1921.8 60
271.6205 1951.0 60
272.7026 1983.5 60
273.8232 2022.0 60
274.9054 2062.0 60
275.9985 2099.3 60
277.1082 2144.5 60
278.2452 2185.3 60
279.3549 2225.3 60
280.4645 2279.3 60
281.5576 2337.0 60
282.6837 2390.8 60
283.8098 2458.8 60
284.9030 2516.8 60
286.0620 2466.8 60
287.1716 2443.3 60
288.2922 2401.5 60
289.4678 2382.3 60
290.5884 2343.5 60
291.6870 2324.5 60
292.8406 2296.3 60
293.9996 2267.0 60
295.0928 2243.5 60
296.2134 2230.8 60
297.3724 2203.8 60
298.5150 2178.3 60
299.6851 2170.3 60
300.8112 2164.3 60
301.9647 2128.5 60
303.0908 2119.3 60
304.2169 2116.0 60
305.3540 2085.8 60
306.4966 2077.0 60
307.6392 2074.5 60
308.7488 2066.8 60
309.8859 2064.3 60
310.9955 2046.8 60
312.1545 2031.8 60
313.2916 2038.8 60
314.3903 2025.5 60
315.5109 2023.3 60
316.6534 2014.8 60
317.7631 2015.0 60
318.9056 2009.0 60
320.0592 2008.0 60
321.1359 2018.8 60
322.2784 2012.0 60
323.4045 2018.3 60
324.5306 2011.8 60
325.6677 2014.5 60
326.8268 2022.3 60
327.9199 2024.3 60
329.0460 2025.5 60
330.1666 2034.8 60
331.2927 2041.5 60
332.4518 2048.8 60
333.5449 2054.3 60
334.6875 2073.0 60
337.7472 3765.8 60
338.8733 3829.3 48
339.9994 3801.3 52
341.1200 3814.5 60
342.2791 3732.3 60
343.4216 3555.8 60
344.5752 3402.0 60
345.7013 3272.5 60
346.8549 3106.3 60
347.9974 2986.3 60
349.2004 2611.0 60
350.3430 2648.3 60
