0.890625 2254.5
2.07812 2296.25
3.28125 2342
4.45312 2397.75
5.65625 2456
6.85938 2490
8.07812 2463.25
9.25 2509.25
10.4688 2475.25
11.6406 2429
12.8438 2397.25
14.0625 2373
15.2812 2334.5
16.4844 2283.25
17.7656 2069.5
18.9844 2066.75
20.1875 2088.25
21.3906 2069.5
22.5938 2141.5
23.7812 2106.25
25.0156 2071
26.2188 2050.25
27.4219 2039.5
28.6562 2034
29.8594 2023
31.0469 1957.25
32.2969 1939.5
33.5312 1792.25
34.8125 1754.5
36.0625 1670
37.2656 1636.25
38.4219 1700.75
39.7031 1553.25
40.9062 1575.5
42.0312 0
43.3438 1550.75
44.5938 1455
45.8594 1409
47.0781 1400
48.2969 1359.25
49.5312 1340.25
50.7031 1337
51.9844 1246.75
53.2812 1226.75
54.4531 1259.75
55.5781 1264.5
56.8438 1257
57.9844 1264.5
59.25 1270.5
60.4375 1278.75
61.625 1290.75
62.8125 1324.5
63.7656 0
64.9844 0
65.75 3750.25
66.9844 3547.5
68.2188 3333.75
69.4531 3155.25
70.6719 3004
71.9062 2871
73.1562 2745.5
74.375 2620
75.6094 2516.75
76.8281 2426.25
78.0469 2348.25
79.2969 2264
80.5 2198.75
81.7656 2125.5
82.9688 2091.5
85.6562 633.25
87.0469 623.5
88.125 639.25
89.1406 0
89.375 664
91.5938 701.5
92.7031 703.75
93.9062 711.75
95.0938 719.25
96.6562 626.5
97.8594 608.75
99.2188 581.75
100.562 567.75
102.516 452.25
103.859 435.75
104.797 428
106.172 409
107.812 397.25
109.141 394.75
110.234 394.75
111.5 392.75
112.375 390.75
113.547 388.5
114.875 386.5
115.953 389.25
117.453 390.25
118.516 389.5
120.031 387
121.25 387.5
121.953 390
123.438 390
124.859 377
125.875 376.75
127.266 387.25
128.406 379.75
129.438 379.75
130.422 387
132.062 387.25
133.156 385.75
134.031 385.5
135.656 386.75
136.594 390.5
137.469 0
137.562 392.25
138.672 0
139.047 401
141.844 491.25
142.953 491.25
143.5 0
144.328 491.25
144.719 0
145.922 0
147.125 0
148.344 0
149.547 0
150.75 0
151.953 0
153.172 0
154.375 0
155.578 0
156.797 0
158 0
159.203 0
160.422 0
161.625 0
162.828 0
164.047 0
165.25 0
166.453 0
167.672 0
168.875 0
170.078 0
171.297 0
172.5 0
174 1005
175.312 977
176.531 947.5
177.734 923.25
178.969 899
180.297 877.5
181.438 857
182.156 0
183.609 1018.25
184.859 981.5
186.172 965.25
187.453 944.5
188.641 926.75
189.906 913.75
191.125 898.5
192.281 884.5
193.5 872.5
194.234 0
195.453 0
198.078 579.75
199.078 0
199.172 568.5
200.281 0
201.484 0
203.312 792.25
204.562 789.75
205.797 830
206.938 834.75
208.125 817.25
209.328 826.5
210.609 806
212.75 545
214.047 532
215.25 527.5
216.297 529.5
217.688 538
218.75 548
219.922 563.75
221.078 583.75
222.109 609
223.312 625.75
226.859 0
227.578 263
228.062 0
228.984 249.5
230.484 0
230.672 248
235.312 0
236.391 164.5
236.531 0
237.734 0
238.812 143.75
238.938 0
240.016 132
240.141 0
241.359 0
242.562 0
243.016 126.75
243.766 0
244.984 0
246.188 0
247.391 0
248.609 0
249.812 0
254.641 0
255.859 0
257.062 0
258.266 0
259.484 0
260.469 129.5
260.609 131.25
260.688 0
260.797 129.75
261.891 0
263.094 0
264.312 0
265.516 0
267.938 0
269.141 0
270.344 0
271.562 0
273.906 171
276.391 0
278.281 219
278.812 0
279.609 215.25
281.219 0
281.812 213
283.469 211.75
283.641 0
286.047 0
286.375 214.25
287.266 0
288.469 0
288.922 187.75
289.672 0
290.891 0
291.453 194.25
292.094 0
293.297 0
294.516 0
295.719 0
296.922 0
298.141 0
299.031 1684.5
300.234 1679.75
301.484 1662
302.703 1649.75
303.891 1644.25
305.109 1635.5
306.344 1630
307.484 1625.5
308.703 1615.25
309.906 1614.5
311.125 1608.25
312.359 1607.5
313.547 1604.75
314.766 1600.5
315.969 1601.25
317.156 1603
318.359 1603.5
319.609 1604.25
320.828 1604
321.969 1612.5
323.219 1615.5
324.422 1617.5
325.578 1622.75
326.828 1632.5
328.016 1635.75
329.219 1645.5
330.391 1652.75
331.609 1663.75
332.812 1669
334.016 1686.5
335.219 1702.75
336.406 1708.5
337.578 1714.75
338.812 1738.25
339.969 1754.75
341.188 1767.75
342.422 1788.25
343.578 1810.25
344.766 1827.25
346.453 0
347.203 1870
348.406 1896
349.578 1914
351.297 1965
352.5 1993.25
353.703 0
354.875 2054.25
356.094 2080.25
357.281 2125.25
358.453 2157.5
359.703 2209.75
